Kompleksitas kodingan = O(log n)

A000124_sloane_oeis.js = 2.9969492485
dense_ranking.js = 3.17840134153
balanced_bracket.js = 2.82542611777